1000079359.99182 6.93271373781 SineGaussian 1552.48303577
1000060929.98723 8.12219283688 BTLWNB 1823.97149561
1000079020.01470 9.60410199219 BTLWNB 1694.87128129
1000019979.99660 6.39359862541 BTLWNB 223.057308937
1000065039.99451 14.7912748364 BTLWNB 737.184218402
1000032280.00894 15.3014983517 BTLWNB 453.26064986
1000078340.01181 6.0465171204 SineGaussian 736.071231128
1000001200.00164 5.939812402 BTLWNB 762.26443909
1000024100.01561 13.0578420637 SineGaussian 82.0455728083
1000036389.98579 13.2182366973 BTLWNB 1034.02090504
1000058920.00968 8.32125053549 BTLWNB 610.328726777
1000041820.01140 8.69246832991 BTLWNB 1299.50428622
1000050730.00177 5.93524898669 BTLWNB 1075.62788473
1000026160.00786 5.51251107881 BTLWNB 1368.70840817
1000097860.01016 14.5937889635 BTLWNB 532.533603492
1000050760.00250 6.12896514147 BTLWNB 915.401182485
1000095820.01576 5.57649816308 BTLWNB 1104.11789393
1000097870.01879 12.3281657129 SineGaussian 1674.97911636
1000011859.99324 7.07020498123 SineGaussian 941.109606584
1000024149.99911 8.16298807977 BTLWNB 1243.05259677
1000007769.99975 12.4008063815 BTLWNB 583.821218456
1000090640.01716 5.8921869887 SineGaussian 400.592533724
1000034410.00063 11.0201491461 BTLWNB 1551.40669711
1000071280.01418 11.1158550818 BTLWNB 541.41009224
1000011099.98852 5.95976358064 BTLWNB 88.3254725584
1000083579.99782 13.6212429709 BTLWNB 1791.086622
1000076650.01172 19.2709233579 BTLWNB 1496.06232102
1000044669.97926 13.1670566827 BTLWNB 1422.87572077
1000061059.98714 7.32344637408 SineGaussian 1429.0061173
1000083819.99049 12.7898152698 BTLWNB 207.278248833
1000085649.99467 12.0769460438 BTLWNB 1241.26422951
1000044699.98227 15.3399358827 BTLWNB 1929.75588564
1000097950.00509 14.7204440272 BTLWNB 258.779824658
1000056999.97972 8.19429818943 BTLWNB 834.804763285
1000024239.98100 11.7244330639 BTLWNB 1316.70415807
1000077490.02052 12.2681595671 BTLWNB 510.776650895
1000053790.01139 6.61333273818 BTLWNB 380.233688446
1000075449.98036 12.0393281005 BTLWNB 1960.24671909
1000098849.98364 9.33745611145 BTLWNB 1651.94270431
1000003790.01511 7.92500993924 SineGaussian 1703.51303978
1000048850.00546 6.14747367194 SineGaussian 926.725172186
1000009939.98146 8.40034107759 SineGaussian 522.85291307
1000083670.01877 13.3637649772 BTLWNB 1620.44092228
1000044760.01142 8.27053918904 BTLWNB 1588.39785959
1000075300.00825 11.76576277 BTLWNB 1080.86848632
1000072569.98626 9.50310116742 BTLWNB 319.881563721
1000026340.00233 6.03333296744 BTLWNB 1145.38348557
1000040679.99751 6.37228095755 BTLWNB 1375.92268408
1000001770.00175 8.83965095357 BTLWNB 1971.11461366
1000085740.00768 9.73760004339 BTLWNB 558.134799323
1000071890.01365 7.65426764147 SineGaussian 1703.21366357
1000077559.98150 11.0570807856 SineGaussian 724.892466051
1000091690.01428 12.2367886473 SineGaussian 873.907336205
1000067329.98795 7.92351005324 SineGaussian 1647.27436271
1000050950.00019 47.4376178799 SineGaussian 53.2895769382
1000069390.01736 12.6285359361 BTLWNB 295.87154954
1000030480.01037 14.0485156278 BTLWNB 1269.58588764
1000053009.98518 7.79845001496 BTLWNB 100.311611482
1000044820.02026 6.40746474762 BTLWNB 317.841501143
1000079649.97955 12.2675665076 BTLWNB 1050.24228543
1000010019.98864 15.218168572 BTLWNB 1892.8091698
1000046890.01718 8.97724656565 BTLWNB 1932.54680402
1000030509.99433 8.60175003146 BTLWNB 1847.15621495
1000067379.99791 7.87817953489 BTLWNB 263.898389841
1000069430.00263 6.42289825895 SineGaussian 190.445271652
1000053050.00888 8.04736034449 SineGaussian 419.428892243
1000065340.00975 5.74528860416 BTLWNB 82.0652865772
1000063370.00444 5.59439524508 SineGaussian 106.736426012
1000087870.00440 14.8586177159 BTLWNB 740.926520523
1000089919.98986 5.67663429469 SineGaussian 293.813737262
1000091979.99163 10.001384628 BTLWNB 486.529956084
1000046929.99621 14.120612305 SineGaussian 1992.78820967
1000085859.98688 12.9035403021 BTLWNB 924.284685542
1000053099.98955 8.93760790723 BTLWNB 1742.0000622
1000075629.99895 13.1969837283 BTLWNB 1242.49330386
1000009450.01556 10.4770549336 BTLWNB 1612.17617524
1000010109.98726 17.2490878188 BTLWNB 635.991734345
1000042879.99373 11.0825361857 SineGaussian 1443.51249732
1000069509.98469 7.19824587107 BTLWNB 1898.07531647
1000083849.99161 9.18470961905 BTLWNB 166.270775062
1000029249.99900 7.00366831419 BTLWNB 666.431791463
1000069520.00843 6.63168994365 SineGaussian 1668.86733661
1000073620.01458 11.0919914891 BTLWNB 933.355667099
1000040860.01530 5.9678584417 BTLWNB 1800.09492517
1000032670.00246 15.2035609246 BTLWNB 1593.62940216
1000077729.98376 10.5462828069 BTLWNB 1768.95459729
1000079780.01570 5.82389293475 SineGaussian 1574.41161801
1000079799.98140 7.21487888113 BTLWNB 366.891484606
1000073659.98246 6.26109121953 SineGaussian 508.534810565
1000016319.98537 5.57152974575 BTLWNB 1035.84963874
1000008130.01653 10.2086146474 BTLWNB 1624.27126638
1000071619.98299 7.59744527256 SineGaussian 1929.87100163
1000055239.98954 6.03014624302 SineGaussian 1503.36896807
1000013900.01119 10.4938079218 SineGaussian 1552.59090822
1000059340.01118 9.12262335684 BTLWNB 1211.25625368
1000081870.00818 9.05899678781 BTLWNB 1071.21025079
1000042959.98893 10.2207224622 BTLWNB 315.161530138
1000034770.00131 12.7971211353 BTLWNB 772.472362686
1000040929.99370 7.38735998004 SineGaussian 970.933825619
1000094179.98777 7.97752967126 SineGaussian 887.423709192
1000081899.98079 17.038657036 BTLWNB 1024.66894278
1000022509.98541 8.6838605552 SineGaussian 1544.78322401
1000018420.00742 8.8468376964 BTLWNB 1560.25585117
1000010230.01686 5.86544715395 BTLWNB 1881.83754534
1000034810.02015 7.72174338494 SineGaussian 175.418867448
1000053250.00262 16.921932886 BTLWNB 1097.69918292
1000055299.99303 9.08779222484 SineGaussian 1202.84287771
1000047110.01808 13.3947389708 SineGaussian 546.392193616
1000028679.99566 7.0165866425 BTLWNB 1686.99079289
1000071699.97879 10.5664226745 BTLWNB 1326.85747344
1000005380.00165 12.4864779874 SineGaussian 385.438777311
1000071710.01600 6.83513377485 SineGaussian 857.583159842
1000063749.99257 15.3213797124 BTLWNB 1017.77619633
1000098349.99636 12.1400924101 SineGaussian 1736.36509063
1000090160.00068 14.6322744709 SineGaussian 79.8862916374
1000077879.98489 14.6153909701 BTLWNB 1996.24909999
1000061500.00938 9.04043801726 BTLWNB 759.479254102
1000067649.98206 9.17258093475 BTLWNB 1898.2651719
1000038979.98881 9.73649335019 SineGaussian 710.165976869
1000012360.01519 14.839629856 BTLWNB 915.428826491
1000006220.01393 11.6064123402 SineGaussian 329.251939116
1000041039.98754 11.8135460403 BTLWNB 900.329703236
1000069719.98414 7.77787244673 BTLWNB 1336.34394578
1000043109.99511 6.60563519844 BTLWNB 79.8461449233
1000096360.02120 11.3860955925 BTLWNB 1560.12450212
1000077939.98092 11.3626563372 BTLWNB 1183.96559366
1000039029.98744 5.97784815509 BTLWNB 718.35655621
1000094329.98093 8.61354771363 SineGaussian 1754.91610265
1000051329.97974 6.03877963184 BTLWNB 1124.55601516
1000012420.01764 5.76950560639 BTLWNB 1241.14534897
1000018570.00752 7.15411930007 BTLWNB 1056.2988325
1000004240.01830 7.70694483762 SineGaussian 1538.27182857
1000088209.98422 6.61852403002 SineGaussian 1974.27282572
1000061589.97983 9.4731032382 BTLWNB 651.931575218
1000014490.00139 11.7398183639 BTLWNB 1069.63062813
1000039069.98127 8.22737333734 SineGaussian 1124.12785574
1000061600.01628 11.1377344591 SineGaussian 156.00280303
1000065700.01033 5.9427541694 BTLWNB 833.598699991
1000049320.01253 12.761952999 BTLWNB 1446.20176747
1000071850.00307 10.7321366714 BTLWNB 161.110185804
1000012459.99288 19.086251679 SineGaussian 42.8340368773
1000030899.99497 7.3965548946 BTLWNB 1286.77867036
1000032950.01051 13.2242947565 SineGaussian 331.097584403
1000008380.02112 7.12615206069 SineGaussian 1643.66411687
1000082110.01755 11.6680916857 BTLWNB 839.995334208
1000065729.98090 14.9521407801 BTLWNB 495.627031479
1000094409.97944 8.33969158722 BTLWNB 1025.66503362
1000025890.02017 20.0518704907 BTLWNB 1902.32258854
1000047309.98622 14.0157384951 BTLWNB 1556.93011632
1000069840.00283 17.9313531338 BTLWNB 1831.52288464
1000094839.99384 12.4758629751 SineGaussian 621.651438582
1000030930.01893 8.52222003032 BTLWNB 1403.53792193
1000012579.99844 5.62355115889 SineGaussian 1200.22135576
1000026860.01456 7.51889701874 SineGaussian 1462.61424274
1000065490.00703 6.74571866485 BTLWNB 1797.56369028
1000045299.98391 10.1991404789 BTLWNB 157.009941185
1000006390.01189 14.5226134314 BTLWNB 1470.58655674
1000011219.98824 5.94322128683 BTLWNB 1105.30632197
1000004349.99211 5.93935272396 BTLWNB 1177.22972097
1000033029.98932 12.2507740132 BTLWNB 543.090408884
1000031000.00274 7.29107907761 SineGaussian 1816.63139521
1000010530.00822 10.2835283144 BTLWNB 291.136568105
1000043300.00385 5.93655382494 SineGaussian 717.843231113
1000069929.98054 6.2386991365 BTLWNB 975.545084811
1000090420.01977 7.11091627683 BTLWNB 719.029392931
1000074039.98108 9.37510786998 BTLWNB 1386.08593504
1000067899.99273 10.3299154972 SineGaussian 1636.30860909
1000020799.99476 5.5067292056 SineGaussian 248.967210359
1000023520.01691 10.3385134889 BTLWNB 1131.0633396
1000078149.99000 11.2342769516 BTLWNB 893.3632002
1000055629.98580 7.66259059711 SineGaussian 855.438369677
1000098639.98533 7.76106283641 BTLWNB 426.249204029
1000086669.98956 6.89229398472 BTLWNB 735.937166118
1000074070.01047 9.33494309961 BTLWNB 1572.11596969
1000065880.01931 15.1607129055 BTLWNB 1593.62904373
1000026970.01643 5.69708441711 BTLWNB 267.362152899
1000080219.98401 11.0126586259 BTLWNB 1699.22609398
1000037180.01402 7.3682418917 SineGaussian 411.702598027
1000045420.00293 9.11113498954 BTLWNB 806.865072084
1000051570.00637 10.5028174301 BTLWNB 802.464794375
1000012660.01643 7.87077933418 BTLWNB 740.606558102
1000098679.98414 6.48077557257 SineGaussian 1609.69521791
1000018809.99852 8.38304199195 BTLWNB 703.398148515
1000002429.97880 6.1283577025 BTLWNB 1297.31690433
1000024960.00372 8.85836582388 BTLWNB 1441.61521227
1000056639.98788 7.96906034559 BTLWNB 882.503407447
1000053640.01932 12.9022046418 BTLWNB 552.6048963
1000020459.98742 7.35424537749 BTLWNB 1612.18280951
1000014729.99278 12.2536925132 BTLWNB 835.509979704
1000006540.01193 8.84153497227 BTLWNB 1214.48012558
1000025240.01280 5.84958516469 SineGaussian 1828.2565891
1000031140.01726 10.4929099053 BTLWNB 217.752043301
1000045479.98466 14.6055166619 BTLWNB 673.70675033
1000029099.99050 9.94530655841 BTLWNB 269.72538006
1000043440.00662 10.7894043783 BTLWNB 180.106029426
1000096690.01919 8.64905501254 BTLWNB 1562.84354078
1000049590.01168 5.79585741049 BTLWNB 737.414051543
1000051640.01580 5.50543536431 SineGaussian 139.050606997
1000049139.99233 5.63181438244 BTLWNB 1633.46651279
1000002490.00734 10.8027871577 BTLWNB 170.174848004
1000025020.00033 11.3437347742 BTLWNB 1588.80680485
1000088509.99789 9.42842984785 SineGaussian 1935.26924191
1000070080.01877 11.3243687944 BTLWNB 1565.67731274
1000061890.01742 7.71459664835 BTLWNB 549.513982186
1000094660.01627 15.4538152578 SineGaussian 149.303828671
1000087029.99845 6.76859321621 BTLWNB 366.608386517
1000045509.98410 6.31403624164 BTLWNB 66.0214106104
1000082379.99656 11.0917641396 BTLWNB 816.202068894
1000035279.99555 8.81045054151 BTLWNB 244.844589898
1000006609.99223 8.80078373894 SineGaussian 1640.92890606
1000049620.01236 5.92151532534 BTLWNB 1787.76065188
1000078300.02044 16.24657856 BTLWNB 1994.54652572
1000086010.00526 6.99756924491 BTLWNB 1637.74966145
1000031199.98817 11.2546019797 BTLWNB 1816.3375581
1000037349.99040 10.5718219928 BTLWNB 1150.37413823
1000090600.01719 8.82585226411 BTLWNB 267.050100061
1000043499.98590 5.58075341654 BTLWNB 1123.03720567
1000098799.98200 9.54968095438 SineGaussian 792.924862947
1000010919.99519 12.0945662707 BTLWNB 418.715951115
1000018930.00044 14.1247896049 BTLWNB 1292.81864958
1000055799.98807 11.6596436242 BTLWNB 1534.37662846
1000076289.98086 17.6638457832 BTLWNB 1853.18274369
1000037380.00430 8.80823477695 BTLWNB 673.609809017
1000029190.01519 13.309212175 BTLWNB 1402.03429694
1000012809.98423 11.8529795264 BTLWNB 330.193177105
1000057870.00710 21.7351632426 BTLWNB 1677.76697961
1000080399.99207 11.8052174701 BTLWNB 974.501704531
1000016920.00504 9.1961599865 BTLWNB 1253.02464752
1000084510.01283 7.42474569341 BTLWNB 751.139331968
1000037409.98498 14.666719106 BTLWNB 392.320821135
1000082469.98917 5.87058295784 BTLWNB 220.694942312
1000045610.00162 7.05109993962 SineGaussian 1343.93380491
1000046769.99595 16.0504660677 BTLWNB 721.718571755
1000047669.99418 11.2988695563 BTLWNB 1545.5672168
1000049719.98853 8.58665703153 SineGaussian 579.202942639
1000045629.98596 6.42139485945 BTLWNB 1787.48592995
1000059970.00087 8.66766047203 BTLWNB 1193.80256543
1000082499.99267 8.89935289194 BTLWNB 1361.8807103
1000096840.00707 18.2494042151 BTLWNB 977.908940325
1000027660.01657 10.1346547423 BTLWNB 691.777317041
1000068169.99185 8.72630263589 SineGaussian 405.787345161
1000080459.99475 6.78033706093 BTLWNB 976.795204989
1000055889.99046 6.01867852435 BTLWNB 1158.14544185
1000072280.01686 5.96700448695 SineGaussian 1750.49851396
1000006749.98242 10.6769991671 BTLWNB 1934.27439781
1000082530.01059 12.4810080023 BTLWNB 1737.0004677
1000074339.97981 8.67929808957 BTLWNB 1851.20027288
1000023160.01004 12.3188247655 BTLWNB 1672.91845298
1000014969.98607 7.73482791773 BTLWNB 1080.91445342
1000068220.01020 11.8076886473 BTLWNB 429.331268982
1000092799.99267 6.59391265888 SineGaussian 1834.28953139
1000096899.99776 7.35203024016 BTLWNB 1097.17168862
1000035469.98564 5.73576527355 SineGaussian 559.050858283
1000045720.01352 6.31029324332 BTLWNB 325.234008576
1000082589.98327 10.8144262274 BTLWNB 1893.25907078
1000035489.98757 11.9510810575 BTLWNB 575.576806733
1000072359.98181 12.4910098213 BTLWNB 411.47007531
1000008880.01615 8.65789041195 BTLWNB 1518.18015498
1000062129.99936 7.43060268625 BTLWNB 1464.03510805
1000015030.01491 8.63211835949 BTLWNB 1189.31513966
1000082619.98883 5.98383951826 BTLWNB 351.118495056
1000035519.98151 5.83346373565 BTLWNB 839.784913836
1000017099.99976 10.1377501499 BTLWNB 1955.38355875
1000051930.01041 5.93060159686 BTLWNB 70.3361412928
1000004830.00197 8.1515136017 BTLWNB 1659.47820353
1000033149.98649 7.1294631295 BTLWNB 1618.18713027
1000031479.98964 7.98329127007 SineGaussian 60.961287617
1000071379.98180 8.16882297683 SineGaussian 381.68038819
1000004859.98842 6.43853332062 BTLWNB 1018.65980314
1000051969.99918 5.97166739448 SineGaussian 1251.11449225
1000066310.00684 5.8638747347 SineGaussian 1435.46299191
1000039690.00286 16.427319039 BTLWNB 178.74903984
1000090900.00194 6.92554138208 BTLWNB 1244.57959675
1000029470.01255 9.16288562643 SineGaussian 1436.88949818
1000080700.00505 7.05479887976 BTLWNB 330.476909932
1000002880.00942 5.67499517282 BTLWNB 554.059506967
1000025410.01911 14.9549483943 BTLWNB 1810.51702076
1000011080.02116 8.05762017538 SineGaussian 1168.07066532
1000016780.00634 6.9407243239 SineGaussian 1420.04898069
1000037710.00473 13.4608301632 BTLWNB 598.239886456
1000060240.01452 8.49043811113 BTLWNB 1023.56800476
1000043860.01010 7.34840118282 BTLWNB 1034.94024501
1000050009.99609 5.98383320479 BTLWNB 620.990807769
1000072539.99750 5.98889930482 BTLWNB 1972.9931042
1000033630.01595 10.2471630538 BTLWNB 1027.67430833
1000086879.98836 12.4338035481 BTLWNB 1707.84639216
1000078690.01282 9.97856019207 BTLWNB 750.946456648
1000045929.99033 11.5167357893 BTLWNB 242.72577502
1000099179.98325 17.6065919083 BTLWNB 672.851357141
1000058229.99074 12.0361027262 BTLWNB 908.030495022
1000019320.00445 13.8392932025 BTLWNB 1304.46233214
1000041849.99762 5.83557933659 BTLWNB 1910.64941919
1000078720.02030 6.21713369843 BTLWNB 989.121459763
1000056200.00792 6.93122731167 SineGaussian 824.779476158
1000091020.01343 19.591246043 BTLWNB 1142.40625356
1000021390.01860 5.66461387047 BTLWNB 1455.13587235
1000043919.99934 12.5023148698 BTLWNB 1241.46138012
1000017310.00345 5.88138364817 BTLWNB 1586.29105691
1000070569.99591 8.95009055102 SineGaussian 366.174282597
1000043950.00335 14.3245590011 BTLWNB 1044.97311986
1000005040.01714 9.74230695639 BTLWNB 1985.39431146
1000011189.98995 10.5569095479 BTLWNB 1604.57141033
1000005050.01389 9.17486367522 SineGaussian 55.436182505
1000026700.00664 12.0157720565 BTLWNB 1811.56966629
1000097230.00047 5.73288281157 BTLWNB 346.237845454
1000036599.99857 7.52550566942 BTLWNB 200.322238028
1000041939.98128 6.70392707056 BTLWNB 1552.38354624
1000041379.99387 7.56604575627 SineGaussian 72.1124880456
1000093150.02070 13.7954494839 BTLWNB 1890.99917949
1000084960.01162 7.8978785632 BTLWNB 1948.04289681
1000031720.01412 6.72433587855 SineGaussian 207.815134326
1000089070.01646 7.63440566218 BTLWNB 1177.54921755
1000066550.00741 12.1580780967 SineGaussian 1707.60787276
1000021930.01373 6.50284482068 BTLWNB 1862.53844689
1000074760.00752 10.5067033314 BTLWNB 1427.57671553
1000099339.99678 5.62965135553 SineGaussian 1771.00619434
1000091149.99364 6.74450221613 SineGaussian 640.973444844
1000064530.01021 12.3319906884 BTLWNB 352.308961753
1000056339.98245 9.65275220301 BTLWNB 291.547723633
1000001050.01357 6.29088629923 BTLWNB 690.775234416
1000012719.98669 15.3839361942 BTLWNB 1770.19631691
1000091169.98544 8.82784768575 BTLWNB 617.381325138
1000074789.99415 22.628427675 BTLWNB 1733.17208965
1000054330.01382 17.414231177 BTLWNB 1314.08124874
1000046140.01929 9.45959037279 BTLWNB 1932.88208249
1000052290.00783 8.11795856635 BTLWNB 1877.68553306
1000074819.98748 8.89682634583 BTLWNB 1973.14072073
1000080310.00992 12.1128028265 BTLWNB 374.192260841
1000050250.00135 5.98466136286 BTLWNB 825.038773449
1000095309.99292 14.7368570101 BTLWNB 803.613927498
1000070739.98089 9.59358513373 BTLWNB 1261.4144647
1000093270.01172 6.26790909547 BTLWNB 1873.1563773
1000023639.99881 12.0006625231 BTLWNB 1305.95966301
1000091230.01885 5.75738111564 BTLWNB 253.888209355
1000052319.99034 10.7503727346 BTLWNB 571.50896244
1000061200.00416 5.61478786506 BTLWNB 355.015917392
1000074850.00699 6.62280549579 BTLWNB 1507.55390947
1000066659.97983 6.28016394082 BTLWNB 313.817494479
1000011370.01443 8.46765263044 BTLWNB 196.4050031
1000087149.98440 8.49862886873 BTLWNB 666.942865395
1000015479.99146 14.833347339 BTLWNB 733.161223196
1000042089.98892 6.30204492111 BTLWNB 1663.07966129
1000066690.00584 10.0541184941 BTLWNB 1840.4628331
1000058500.01247 6.25481418059 BTLWNB 1001.20394223
1000052359.99595 6.48750347077 SineGaussian 175.30294582
1000025739.99951 17.4186009772 BTLWNB 1455.39064929
1000046530.02089 12.1676126566 BTLWNB 1612.48716355
1000009359.98017 10.1699269299 BTLWNB 1795.2324601
1000068759.99403 9.73610865835 BTLWNB 1998.43453945
1000029850.01160 6.64455174558 BTLWNB 1876.32096304
1000087210.00059 6.07873228482 BTLWNB 645.471607532
1000027819.98233 6.7363930578 SineGaussian 559.746151536
1000011439.98107 9.39424951463 SineGaussian 1676.95857685
1000060600.00451 17.8660793187 BTLWNB 1335.7461462
1000052410.00696 5.60133568557 BTLWNB 1364.59224631
1000085179.98141 5.8564986409 SineGaussian 1089.25567536
1000036030.00277 13.0711716269 BTLWNB 1162.04337559
1000007360.00450 7.17893890192 SineGaussian 420.056135822
1000020940.00362 5.62591952902 BTLWNB 724.203428666
1000087160.00431 10.1086382698 SineGaussian 866.209814701
1000077009.98583 9.46254565181 BTLWNB 1312.21327873
1000099540.00976 15.1908179882 BTLWNB 860.454954906
1000029909.99812 9.23368084701 BTLWNB 843.905530197
1000031960.00570 6.70305853155 SineGaussian 681.6374298
1000044249.99485 7.12399014199 BTLWNB 1567.36045368
1000050399.99871 6.97401406073 BTLWNB 1192.35535199
1000021729.99485 7.80752818837 SineGaussian 1062.53287526
1000087269.98108 18.3345642188 BTLWNB 1690.62210729
1000005289.98842 5.89801966184 SineGaussian 599.840439198
1000050410.00198 6.13878995303 SineGaussian 979.000236706
1000068849.98697 10.2898455105 BTLWNB 904.448438404
1000070899.98535 6.12023268067 SineGaussian 1269.87016517
1000077049.99094 5.63714789288 SineGaussian 1469.16009669
1000036100.01192 5.539560021 SineGaussian 1663.61152096
1000019720.01436 7.79604067501 SineGaussian 1645.60452454
1000032009.99476 9.00448434551 BTLWNB 1220.59279257
1000029969.99694 7.16319466539 BTLWNB 1931.09761312
1000036119.97908 10.6796555634 BTLWNB 1385.7355899
1000027779.98158 9.38163771467 BTLWNB 784.839783606
1000050459.98517 12.5258521587 BTLWNB 587.718331396
1000072990.01880 9.38247803682 BTLWNB 579.077226054
1000035980.01039 6.43247769022 SineGaussian 782.855586227
1000081190.02030 6.34387481209 SineGaussian 1691.79895745
1000054569.98800 7.03443467579 BTLWNB 1546.9990496
1000025899.98979 6.2531117488 SineGaussian 184.066299972
1000040240.01157 6.71970915058 SineGaussian 645.735413207
1000089399.99888 8.11167005971 BTLWNB 325.075997072
1000011580.00833 6.55348456661 BTLWNB 1446.16223098
1000013629.98059 5.95510563735 SineGaussian 59.4466910078
1000098380.01628 9.9058484263 SineGaussian 705.044169447
1000085320.00696 16.6285005021 BTLWNB 1142.73371999
1000056459.98927 9.96903772516 BTLWNB 1856.97860849
1000046409.99344 18.6665973425 BTLWNB 1599.41806748
1000038370.00467 16.6023135439 BTLWNB 1085.94317922
1000030030.00082 8.41749657884 BTLWNB 1191.90481706
1000052560.01190 7.06160085032 BTLWNB 675.187976575
1000097619.98250 11.6207516365 BTLWNB 1762.54778954
1000050520.01538 9.18491938188 BTLWNB 458.826522057
1000064860.01000 10.5308269064 BTLWNB 1013.66094989
1000036190.01649 9.773249643 SineGaussian 384.680888512
1000040290.01964 9.9491240564 BTLWNB 1715.48405349
1000028020.01076 8.95604822416 BTLWNB 1724.26478684
1000057150.00330 16.0011080389 BTLWNB 1359.27479764
1000095610.00224 10.54699164 BTLWNB 695.304673862
1000050560.01673 11.0316588593 SineGaussian 1933.90154918
1000048960.00817 9.99475436414 BTLWNB 1732.79395011
1000085380.00798 12.9446210937 BTLWNB 1973.16312949
1000007559.98515 6.52233805935 BTLWNB 1166.46946649
1000012780.00516 17.0411474161 BTLWNB 1844.05136774
1000030089.98373 10.0947641386 BTLWNB 1284.04936398
1000081299.98104 11.2702531363 BTLWNB 1612.62907084
1000091290.01450 17.1853220269 BTLWNB 1603.52331253
1000009629.99510 8.13148808358 BTLWNB 1943.21744252
1000093600.00689 12.986332407 BTLWNB 1547.61949861
1000060839.98234 7.81019373235 BTLWNB 164.381119829
1000083369.99229 11.3941998883 BTLWNB 1164.10113249
1000059550.00826 17.400779687 BTLWNB 1367.08756733
1000026039.99833 6.73774526201 BTLWNB 513.106196132
1000040379.98834 10.3647756641 BTLWNB 1951.12306245
1000056770.00434 10.8441350297 SineGaussian 649.736748167
1000030149.98623 10.4266834803 BTLWNB 957.202556887
1000061900.00008 7.18866316218 SineGaussian 1686.33561453
1000081359.98580 16.9543399461 BTLWNB 1350.37863358
1000009689.99178 6.19159756103 BTLWNB 1922.08157195
1000042460.00205 7.79614322019 SineGaussian 1153.18368703
1000090960.00200 11.9983841296 BTLWNB 422.915361494
1000099810.01081 6.30621629707 BTLWNB 703.085019443
1000030180.00648 9.4981104312 BTLWNB 1763.90231244
1000067410.00756 9.38039191338 BTLWNB 731.042668258
1000074579.98002 10.2836798215 BTLWNB 1549.02379231
1000082089.98291 6.79852108491 SineGaussian 750.879855263
